GATE_LF_CRTT: -71.79797><55.94076><-101.1552><32.54075><1><><48><35
CRTT_test1: 313.2282><36.4074><34.46458><17.78513><1><><192><35
OffScreenDen_CRTT: -241.4302><-92.34816><66.69061><-50.32589><1><><0><0
Connection: GATE_LF_CRTT,CRTT_test1,0,0,0,0,0,0
