GATE_CRTT_SB: 79.66666><-116.3333><-20.66667><-80.33334><1><><230><95
CRTT_A01: -159.3333><82.66664><41.33333><160.6667><1><><48><35
OffScreenDen_CRTT: 79.66666><33.66666><-20.66665><-80.33334><1><><0><0
Connection: GATE_CRTT_SB,CRTT_A01,0,0,35,4,0,3
