DangerType: Flood
WaveSpeed: 0.5085209
WaveLength: 0.9524671
WaveAmplitude: 0.01212676
SecondWaveLength: 0.1666667
SecondWaveAmplitude: 0
PlacedObjects: LightSource><833.2914><585.9457><0.2391304~Environment~-219.5844~-33.28888~49~-212.3975~1~0~Fade~0~0, 
FadePalette: 10, 0.5037364
